19
0,1,1,3,3,5,3,7,2,9,1,12,2,14,3,16,3,19,2
1,0,1,2,3,4,3,6,1,8,1,10,3,13,4,15,5,18,2
2,3,1,5,4,7,6,9,2,12,1
3,0,3,2,6,4,1,6,1,13,1,19,2
4,3,1,5,3,7,3,10,5,12,6,15,8,18,4
5,0,2,2,6,4,3,6,2,19,2
6,1,1,5,2,7,3,9,2
7,0,2,2,1,6,2,8,1,10,6,12,4,15,6,18,3
8,1,5,4,4,11,1,19,2
9,0,2,5,1,7,2,10,5,13,1,15,6,18,4
10,1,6,4,6,6,4,9,2,12,3,14,1,17,2,19,2
11,0,2,10,3,18,2
12,1,5,4,4,7,2,9,2,11,2,13,1,15,5,17,4,19,2
13,0,2,5,2,8,3,10,3,12,2,14,1,18,1
14,6,2,9,5,11,7,13,5,15,8,17,6,19,3
15,1,5,4,5
16,0,2,7,1,9,7,11,7,13,6,15,5,17,7,19,4
17,5,1
18,1,2,4,4,6,4,9,5,11,3,13,5,15,5,17,5,19,2
19,0,2,2,2,5,3,7,3,10,3,12,3,14,2,16,2,18,1