24
0,0,2,2,2,5,2,8,2,11,3,13,3,16,3,18,3,20,2,23,2
1,1,2,4,3,7,3,10,3,12,3,14,2,17,4,19,3,22,2,24,1
2,3,1,9,1,13,1,15,2,20,1,23,2
3,0,2,4,4,6,2,10,1,17,4,19,3,22,1,24,2
4,1,2,3,2,7,4,9,5,12,6,15,5,18,4,20,4,23,4
5,0,2,2,4,4,6,6,5,17,1,19,2,21,3,24,2
6,7,2,11,1,18,1,23,2
7,0,2,2,6,4,5,6,5,9,5,12,8,15,5,17,3,19,5,21,5,24,2
8,1,1,3,1,5,1,10,1,16,1,18,2
9,0,2,2,2,4,1,7,2,9,5,13,1,15,3,17,1,21,2,23,2
10,6,1,10,2,12,6,14,5,16,1,19,3,22,3,24,4
11,1,2,3,3,15,1,18,4,21,2,23,3
12,0,2,2,1,5,2,7,5,9,7,12,5,14,4,17,2,19,3,22,3
13,1,3,3,4,6,2,24,3
14,7,1,10,2,12,4,15,3,18,2,21,1,23,2
15,2,2,4,3,6,5,9,3,17,1,22,2
16,1,3,3,5,5,2,10,1,19,4,21,3,24,4
17,0,2,7,1,9,6,12,7,15,7,18,3
18,1,5,3,8,6,7,8,2,17,1,19,3,22,4,24,6
19,0,2,18,2,21,1
20,1,5,3,6,6,3,9,5,12,5,15,6,17,3,19,2,22,1
21,0,2,2,1,5,1,7,2,18,1,21,5,24,5
22,1,2,3,2,6,1,9,2,11,1
23,0,1,2,2,4,2,7,3,10,2,12,4,15,6,17,5,19,5,21,5,24,2
24,1,2,3,3,6,3,8,3,11,3,14,3,16,3,18,2,20,2,22,1