24
0,1,1,3,3,6,2,8,2,10,2,13,2,15,1,17,2,19,2,22,2,24,2
1,0,2,2,3,5,3,7,3,9,4,12,1,14,3,16,5,18,2,20,1,23,1
2,10,2,13,4,17,1,19,4,22,3
3,3,1,11,1,14,3,16,5,18,1,24,3
4,0,3,2,7,5,6,7,6,9,6,13,3,17,1,19,5,21,3,23,4
5,6,1,10,1,14,1,24,3
6,0,2,2,7,5,4,7,3,9,7,11,5,13,5,16,4,19,7,21,7,23,5
7,6,3,17,1,24,3
8,0,3,2,5,5,3,7,5,9,6,11,6,13,7,16,3,21,6,23,4
9,1,4,3,3,6,3,12,1,14,1,17,3,19,5
10,0,1,5,2,7,3,9,6,11,4,13,3,15,2,18,1,24,2
11,1,4,3,4,10,1,12,3,14,3,16,6,19,7,21,7,23,3
12,0,2,6,2,8,2,13,1,24,2
13,1,5,3,6,5,5,7,1,9,3,12,3,14,3,16,4,19,3,21,7,23,4
14,0,2,6,2,8,5,11,4,13,4,15,4,17,3,20,1,24,3
15,1,2,10,1,16,1,18,2,21,4,23,3
16,0,2,3,6,5,5,8,3,11,4,13,7,15,6,17,4,19,3,22,3,24,3
17,6,1,23,1
18,1,2,3,6,5,7,8,6,10,4,13,5,15,8,17,7,19,5,22,7,24,3
19,0,1,2,1,14,1
20,3,2,5,6,8,8,10,5,12,1,15,5,17,4,20,2,22,6,24,5
21,1,3,11,1,13,2,16,2,19,3,21,1
22,0,2,2,2,5,3,8,6,10,4,12,4,14,2
23,1,3,4,1,13,1,15,2,17,2,19,5,22,4,24,3
24,0,2,3,2,5,2,8,5,10,2,12,1,14,1,16,3,18,2,21,2,23,1