24
0,2,2,4,3,7,2,10,3,12,3,15,2,17,2,19,2,21,1,24,2
1,0,2,3,2,5,3,8,2,11,2,13,3,16,4,18,2,20,3,23,2
2,7,1,9,2,12,3,14,3,19,2,22,1,24,3
3,0,2,2,2,5,4,8,4,10,2,13,1,18,1,20,3,23,2
4,9,3,11,5,14,4,16,4,19,2,24,3
5,0,2,3,6,5,7,8,5,12,2,17,4,20,5,22,4
6,9,3,11,3,16,1,23,2
7,0,2,2,2,10,3,12,7,14,4,17,5,20,4,22,6,24,3
8,3,3,5,5,8,4,16,1,19,3,21,4,23,2
9,2,2,4,1,9,1,17,2,22,3,24,3
10,0,2,3,4,5,6,8,8,10,6,12,6,14,6,16,4,19,3,21,3,23,1
11,17,2,20,1,22,2
12,0,3,3,5,5,3,8,5,10,5,12,4,14,7,16,5,19,5,21,5,24,5
13,2,2,4,4,7,4,17,2
14,1,1,3,1,8,3,11,3,14,5,16,3,19,5,21,4,24,5
15,0,1,2,1,4,2,7,4,10,2,13,2,15,1,17,1,22,1
16,1,3,3,3,5,1,8,1,11,2,16,6,19,8,21,4
17,0,2,2,2,4,5,7,5,10,4,12,3,14,3,22,2,24,5
18,1,2,8,2,15,1
19,0,2,2,4,4,6,7,2,12,3,14,5,16,4,19,5,21,3,24,4
20,1,2,5,2,8,7,10,5,13,2,15,2,18,1
21,0,2,4,2,11,1,14,1,16,2,19,3,22,1
22,2,1,5,4,8,5,10,2,15,3,18,2,20,1,24,3
23,1,2,4,2,11,2,13,2,16,1,19,3,21,2,23,1
24,0,2,3,2,5,3,7,2,10,2,12,2,15,3,17,2,20,3,22,3,24,2